ident
bezier
48 209 67 204 84 202 104 206
bezier
102 205 65 236 57 279 76 317
bezier
75 315 100 360 126 398 171 453
bezier
169 450 148 450 124 448 106 446
bezier
106 446 82 408 52 367 34 337
bezier
34 337 3 299 2 241 48 208
bezier
109 192 96 165 79 143 80 118
bezier
79 118 94 108 121 115 134 140
bezier
133 140 145 140 157 140 167 140
bezier
167 138 188 123 208 112 235 106
bezier
233 106 254 100 257 108 241 128
bezier
241 127 217 154 219 179 223 200
bezier
64 204 64 179 69 160 82 138
bezier
99 112 137 60 216 38 257 45
bezier
256 45 322 53 365 69 392 97
bezier
391 96 433 132 461 179 472 232
bezier
470 230 483 266 492 309 495 368
bezier
494 368 500 388 497 396 494 400
bezier
493 398 481 406 466 414 456 421
bezier
455 420 422 441 373 464 337 477
bezier
337 477 313 476 296 475 273 472
bezier
272 472 246 439 217 394 171 336
bezier
170 336 139 288 146 253 179 219
bezier
177 217 194 220 203 208 221 210
bezier
219 209 221 204 221 200 221 198
bezier
219 209 229 209 237 210 249 211
bezier
248 209 212 240 199 275 221 314
bezier
220 312 241 352 252 368 333 473
bezier
331 471 333 472 334 474 335 476
bezier
112 177 116 166 121 160 127 152
bezier
126 151 116 132 98 118 90 119
bezier
90 119 87 136 97 155 112 176
bezier
133 229 143 220 154 223 161 216
bezier
160 214 166 211 167 199 161 196
bezier
161 195 146 203 135 214 132 228
bezier
143 206 144 214 145 217 149 220
bezier
157 198 159 200 163 203 163 204
bezier
151 201 152 205 153 211 153 217
bezier
221 156 247 164 259 204 257 248
bezier
256 246 258 272 278 283 311 268
bezier
309 267 353 243 389 257 409 287
bezier
409 285 423 353 480 388 496 373
bezier
357 71 411 124 432 169 426 208
bezier
426 208 432 237 420 288 410 290
bezier
316 378 333 352 353 317 356 309
bezier
316 377 308 392 286 391 277 377
bezier
276 377 265 361 266 341 278 336
bezier
277 336 301 323 327 309 343 304
bezier
290 340 275 350 276 365 284 373
bezier
289 340 307 338 319 354 313 368
bezier
282 372 293 382 307 378 312 367
bezier
291 340 293 353 299 363 311 366
bezier
310 364 310 364 312 365 311 365
bezier
296 324 294 304 301 276 314 264
bezier
324 368 363 390 397 378 419 316
bezier
131 226 129 232 125 240 121 249
bezier
125 270 137 262 145 255 157 248
bezier
168 448 193 436 214 424 229 412
bezier
218 400 193 396 169 395 150 393
bezier
150 393 131 361 116 336 105 320
bezier
105 320 94 304 94 286 107 279
bezier
125 268 124 276 117 279 105 277
bezier
106 278 102 275 101 273 101 273
bezier
101 273 94 280 83 275 81 262
bezier
81 261 83 246 94 244 102 253
bezier
101 252 107 247 114 244 121 249
bezier
120 248 126 251 129 259 125 268
bezier
89 247 101 236 111 220 109 191
bezier
173 152 189 132 208 119 221 116
bezier
220 115 237 109 241 118 231 130
bezier
230 128 212 144 201 168 206 184
bezier
205 182 203 192 216 194 217 208
bezier
173 155 177 176 162 184 160 193
bezier
101 311 127 312 142 312 157 312
bezier
119 281 115 288 113 292 112 294
bezier
112 294 126 296 137 296 152 297
bezier
118 280 130 279 140 278 150 278
bezier
127 287 134 287 141 287 149 286
bezier
122 281 124 284 126 286 126 286
bezier
126 284 125 288 123 290 121 293
bezier
421 127 442 196 440 265 417 312
bezier
442 157 451 216 449 269 425 328
bezier
457 184 462 244 456 289 434 339
bezier
469 225 469 280 461 318 441 348
bezier
475 247 473 296 466 333 449 357
bezier
481 275 477 324 465 356 457 363
bezier
486 300 482 333 477 355 467 369
bezier
489 324 484 344 481 359 474 372
bezier
491 342 485 362 481 370 481 375
bezier
493 357 489 364 488 368 486 373
bezier
284 330 309 329 323 342 324 363
bezier
158 195 158 192 161 189 162 185
bezier
152 198 154 208 156 212 154 217
bezier
152 200 152 205 153 210 153 213
bezier
153 216 153 210 153 205 152 200
bezier
110 253 105 256 104 260 105 263
bezier
105 261 104 265 104 271 108 273
bezier
109 252 116 253 121 258 122 264
bezier
107 272 116 275 124 268 121 262
bezier
90 253 85 256 84 260 84 264
bezier
83 263 86 268 90 272 95 271
bezier
91 252 95 253 99 258 100 264
bezier
99 262 99 265 97 268 93 270
bezier
23 233 44 234 61 236 74 236
bezier
14 259 33 258 49 260 67 261
bezier
13 287 28 286 46 286 65 288
bezier
21 315 36 314 53 314 74 313
bezier
35 338 54 336 69 338 86 336
bezier
49 360 69 357 85 357 98 355
bezier
64 382 83 382 100 380 114 379
bezier
78 402 97 400 112 400 127 396
bezier
92 419 109 418 126 418 143 417
bezier
100 435 125 437 146 437 158 436
bezier
181 222 197 222 213 223 232 223
bezier
160 241 184 244 197 244 215 244
bezier
209 269 192 269 173 270 151 267
bezier
151 288 169 292 189 292 211 291
bezier
161 323 181 320 204 320 222 318
bezier
181 348 199 346 214 346 237 341
bezier
198 368 221 366 237 366 252 364
bezier
213 390 229 390 245 390 267 386
bezier
230 413 251 412 268 412 285 409
bezier
242 433 265 432 281 430 299 429
bezier
258 456 281 458 309 455 316 453
bezier
29 426 14 442 14 464 30 471
bezier
17 451 23 451 28 451 32 451
bezier
33 426 36 447 35 472 35 482
bezier
34 480 40 480 45 480 50 480
bezier
44 474 42 458 41 441 40 425
bezier
40 424 53 436 57 456 43 466
bezier
43 472 43 475 43 475 43 475
bezier
43 484 44 486 43 488 43 490
rotate
z 180
move
500 500 0
rotate
y 180
move
500 0 0
apply
display
save
tarkus.png
